 992
1055
1047
1070
1031
 992
1031
1031
 984
1016
1102
1070
1133
1047
1008
1094
1063
1055
1070
1047
1031
1070
1016
1055
1063
1008
1047
1055
1031
1031
1008
 969
1000
1031
1016
1086
1078
1086
1070
1016
1000
 984
 961
1039
1031
1023
1047
1008
 953
 969
 961
 961
1000
 984
 922
 992
 977
4000
 953
 984
 992
1055
1094
1055
1094
1055
1031
1086
1023
1000
1023
1023
1039
1023
 969
1008
1016
 992
1039
1039
1016
1070
1039
1047
1055
1023
1008
1047
1031
1063
1063
1039
1063
1031
1008
1008
1008
 977
1031
1055
1008
1023
1039
1016
1008
1016
1000
1031
1039
 984
1031
1047
1016
1016
1031
 969
1023
1070
1055
1063
1102
1023
1047
1063
1008
1055
1023
 930
 930
 953
 969
 992
1078
1023
1063
1070
1016
1055
1031
1000
1016
 992
 953
 984
1016
1023
1055
1055
 977
1016
1000
 938
 977
1031
 984
1023
1031
1016
1039
1047
 969
1000
1047
1016
1039
1086
1008
1031
1047
1000
1055
1086
1023
1047
1047
1031
1078
1078
1063
1109
1086
1078
1086
1039
1063
1023
1016
1063
1102
1031
1070
1039
 992
1000
1039
1039
1102
1070
1039
1078
1055
1000
1039
 984
 961
1031
1008
 969
1008
1023
 969
1055
1063
 977
1016
 992
 969
1016
1000
 984
1031
1000
 930
 984
 992
 953
 984
 961
 898
 969
 945
 992
1055
1031
1023
1000
1023
1039
1000
 969
1047
1008
1031
1094
1047
1039
1070
1055
1070
1094
1031
1039
1047
1023
1078
1063
1031
1039
1016
1023
1055
1016
 977
1023
1031
1008
1094
1078
 961
1000
 961
 914
 961
 961
 969
1047
1117
1016
1039
1063
1109
1125
1039
1055
1039
1070
1023
1008
1039
1078
1031
1047
1055
 984
1016
1016
 984
1039
1031
1008
1008
 992
 945
 984
1039
1016
1047
1055
1000
1063
1070
1023
1039
1047
1016
1063
1031
 992
1070
1047
 984
1023
1000
 992
1039
1047
 984
1023
1039
 992
1031
1031
1023
1039
1000
 977
1063
1070
1023
1031
1016
1094
1219
1094
1086
1133
1086
1109
1117
1047
1063
1031
 984
1063
1070
1023
1047
1063
1031
1102
1094
1023
1086
1055
1023
1055
1047
1000
1000
1047
1000
1023
1055
 961
 977
 977
 969
 977
1055
1023
1078
1086
1039
1078
1086
1023
1078
1055
1008
1039
